PearsonResult(correlation=0.0025757804923629327, pvalue=0.41534455406997783)
SpearmanrResult(correlation=0.002812988441477299, pvalue=0.37371525052708865)
F_onewayResult(statistic=344959.5549695291, pvalue=0.0)
Ks_2sampResult(statistic=0.86488, pvalue=0.0)