KruskalResult(statistic=17291973395.77474, pvalue=0.0)
PearsonResult(correlation=0.00036592665235986505, pvalue=0.7144201403556828)
SpearmanrResult(correlation=0.000222123382501842, pvalue=0.8242180498950311)
F_onewayResult(statistic=2.366370340752651, pvalue=0.1239751638182265)