Ks_2sampResult(statistic=0.8638, pvalue=0.0)
F_onewayResult(statistic=344371.70185587305, pvalue=0.0)
SpearmanrResult(correlation=-0.0017938006889033802, pvalue=0.5705491310872655)
PearsonResult(correlation=-0.002571652209338767, pvalue=0.4160925008245644)